$ANSIBLE_VAULT;1.1;AES256
31306236326430306536663938303131663663353436623935343763363134386130656262393937
3763663730346336376534613232633262326664303633300a383563306231636337626333613835
61613161643536646536376564396366333834353365613364363732393166613136653861623839
3163306232383633360a633937396565343730333730356539343131313332646136626539313135
36333232663133353630393061353563323761613663613863646637626565303934613261663565
31663435653766626532396331366531666430333161343034666634646562656537356462613831
31326230643931636462626566373466646261646233353564643363343734353134333537613335
64346163313037636233646534346630643266303861353734613331333162656566366234653438
39653364646439353634343833643238626562633763613265306137643666383435323734373033
39373737616333633761306561623837356332343963613866313830393937653265386366626631
32396537623535656262613939396365343237386665303363323030393663666464383435363131
35643461643639326335656338626431613133343735343864376434653938656466393034666332
32333466633566656336653366343130326631663336393032666261333635363333643339363436
39353134613933393061653436633336363036656538663538646635373264616136383435316632
316337653765656233343632633430396661
